0 0.22265625 0.8515625 0.2890625 0.2734375
0 0.0703125 0.4921875 0.140625 0.2109375
0 0.409375 0.58359375 0.2984375 0.21953125
0 0.65859375 0.5734375 0.26875 0.2625
0 0.9234375 0.575 0.153125 0.2484375
0 0.6359375 0.3671875 0.290625 0.1953125
0 0.4296875 0.35546875 0.2078125 0.25
0 0.4609375 0.13984375 0.16015625 0.2796875
0 0.21015625 0.14921875 0.1890625 0.29453125
0 0.26484375 0.1046875 0.0984375 0.209375
0 0.16875 0.3328125 0.2140625 0.25546875
0 0.03203125 0.1484375 0.0640625 0.29609375
0 0.903125 0.03671875 0.19140625 0.0734375