0 0.115625 0.66875 0.23046875 0.178125
0 0.2625 0.7625 0.3859375 0.09765625
0 0.3109375 0.89609375 0.2109375 0.20703125
0 0.2328125 0.9359375 0.121875 0.128125
0 0.034375 0.84296875 0.06875 0.19453125
0 0.546875 0.584375 0.278125 0.31796875
0 0.4296875 0.215625 0.1125 0.334375
0 0.334375 0.13828125 0.16171875 0.2765625
0 0.19453125 0.14609375 0.1578125 0.2921875
0 0.09375 0.25234375 0.16875 0.3421875
0 0.05390625 0.52265625 0.1078125 0.1671875
0 0.840625 0.19921875 0.303125 0.140625
0 0.83671875 0.0796875 0.25546875 0.14453125
0 0.8875 0.53046875 0.2015625 0.2578125